%YAML:1.0
---
K : !!opencv-matrix
   rows: 3
   cols: 3
   dt: d
   data: [ 5.0998856704608346e+02, 0., 9.6411287918600999e+02, 0.,
       5.0956998288841510e+02, 5.3786365480612687e+02, 0., 0., 1. ]
D : !!opencv-matrix
   rows: 4
   cols: 1
   dt: d
   data: [ 1.3570351214804346e-01, -2.9721369826148016e-02,
       -4.9854812919381073e-03, 1.5777312782949251e-03 ]
image_size : [ 1920, 1080 ]
