%YAML:1.0
---
H : !!opencv-matrix
   rows: 3
   cols: 3
   dt: d
   data: [ -5.9757012128829956e-01, -3.9367845058441162e+00,
       1.3906361083984375e+03, -6.3998050987720490e-02,
       -2.3258354663848877e+00, 7.4631933593750000e+02,
       -7.6567383075598627e-05, -3.9352397434413433e-03, 1. ]
