%YAML:1.0
---
H : !!opencv-matrix
   rows: 3
   cols: 3
   dt: d
   data: [ 2.2865810990333557e-01, -2.7399027347564697e+00,
       6.5728936767578125e+02, 2.0153513178229332e-02,
       -1.6690942049026489e+00, 4.0148858642578125e+02,
       -1.1195663682883605e-04, -3.0980934388935566e-03, 1. ]
