%YAML:1.0
---
K : !!opencv-matrix
   rows: 3
   cols: 3
   dt: d
   data: [ 5.0902509778463514e+02, 0., 9.5458662680264638e+02, 0.,
       5.0921891187918237e+02, 5.2871427708438773e+02, 0., 0., 1. ]
D : !!opencv-matrix
   rows: 4
   cols: 1
   dt: d
   data: [ 1.3748051051926022e-01, -3.2173545685270998e-02,
       -2.8980217762218136e-03, 1.0663426384455357e-03 ]
image_size : [ 1920, 1080 ]
