%YAML:1.0
---
H : !!opencv-matrix
   rows: 3
   cols: 3
   dt: d
   data: [ 3.8344144821166992e-01, -3.4861779212951660e+00,
       7.2058697509765625e+02, 2.0198052749037743e-02,
       -1.8557664155960083e+00, 4.3374987792968750e+02,
       4.8458105084137060e-06, -3.4652007743716240e-03, 1. ]
