%YAML:1.0
---
H : !!opencv-matrix
   rows: 3
   cols: 3
   dt: d
   data: [ -9.4783961772918701e-02, -2.7110099792480469e+00,
       9.3467175292968750e+02, 2.3328974843025208e-01,
       -1.7053496837615967e+00, 3.1862176513671875e+02,
       -1.1244184133829549e-04, -3.1251569744199514e-03, 1. ]
