%YAML:1.0
---
#car_rect: [ 1310, 760, 1310, 700 ]
car_rect: [ 655, 380, 655, 350 ]
