%YAML:1.0
---
K : !!opencv-matrix
   rows: 3
   cols: 3
   dt: d
   data: [ 1.4896705503287887e+02, 0., 9.5760495248884888e+02, 0.,
       1.4905792175857235e+02, 5.2987851513204782e+02, 0., 0., 1. ]
D : !!opencv-matrix
   rows: 4
   cols: 1
   dt: d
   data: [ 1.3476672774527201e-01, -3.5175022649154272e-02,
       -8.8915500267540057e-04, 7.3733866321529045e-04 ]
image_size : [ 1920, 1080 ]
