%YAML:1.0
---
K : !!opencv-matrix
   rows: 3
   cols: 3
   dt: d
   data: [ 1.5225368698231048e+02, 0., 9.6281858246736806e+02, 0.,
       1.5234963403701391e+02, 5.3870342479110354e+02, 0., 0., 1. ]
D : !!opencv-matrix
   rows: 4
   cols: 1
   dt: d
   data: [ 1.3790403776986934e-01, -3.7531816648899020e-02,
       9.6919686517510828e-04, 2.8766608896522045e-04 ]
image_size : [ 1920, 1080 ]
