%YAML:1.0
---
K : !!opencv-matrix
   rows: 3
   cols: 3
   dt: d
   data: [ 1.4993145562784701e+02, 0., 9.5705064684978117e+02, 0.,
       1.5005768359768703e+02, 5.2530729940097171e+02, 0., 0., 1. ]
D : !!opencv-matrix
   rows: 4
   cols: 1
   dt: d
   data: [ 1.3104575199880009e-01, -2.9360919347790244e-02,
       -4.0208128152751281e-03, 1.4918090935386479e-03 ]
image_size : [ 1920, 1080 ]
