%YAML:1.0
---
car_rect: [ 270, 170, 653, 367 ]
