%YAML:1.0
---
K : !!opencv-matrix
   rows: 3
   cols: 3
   dt: d
   data: [ 2.9104561968492379e+02, 0., 1.1411279432466335e+03, 0.,
       2.9097446315358997e+02, 6.5437190387069620e+02, 0., 0., 1. ]
D : !!opencv-matrix
   rows: 4
   cols: 1
   dt: d
   data: [ 1.3491992278235101e-01, -2.9309452201987472e-02,
       -4.6647247995688750e-03, 1.5574226886185764e-03 ]
image_size : [ 2304, 1296 ]
