%YAML:1.0
---
K : !!opencv-matrix
   rows: 3
   cols: 3
   dt: d
   data: [ 2.9196919616097563e+02, 0., 1.1447976280668377e+03, 0.,
       2.9208036503189356e+02, 6.2929769341954147e+02, 0., 0., 1. ]
D : !!opencv-matrix
   rows: 4
   cols: 1
   dt: d
   data: [ 1.3748051051926022e-01, -3.2173545685270998e-02,
       -2.8980217762218136e-03, 1.0663426384455357e-03 ]
image_size : [ 2304, 1296 ]
