%YAML:1.0
---
H : !!opencv-matrix
   rows: 3
   cols: 3
   dt: d
   data: [ 9.8516397178173065e-02, -1.1677813529968262e+00,
       4.2149493408203125e+02, 1.0161190293729305e-02,
       -7.1390014886856079e-01, 2.5861160278320312e+02,
       -7.1193753683473915e-05, -2.0636133849620819e-03, 1. ]
