%YAML:1.0
---
H : !!opencv-matrix
   rows: 3
   cols: 3
   dt: d
   data: [ 1.6159427165985107e-01, -1.4794750213623047e+00,
       4.6387042236328125e+02, 8.5541540756821632e-03,
       -7.8974854946136475e-01, 2.8019113159179688e+02,
       3.2906821161304833e-06, -2.2970291320234537e-03, 1. ]
