%YAML:1.0
---
H : !!opencv-matrix
   rows: 3
   cols: 3
   dt: d
   data: [ 1.2096002697944641e-01, -2.6767928600311279e+00,
       4.8294778442382812e+02, -3.0380585789680481e-01,
       -1.4354375600814819e+00, 7.7701568603515625e+02,
       1.8477214325685054e-04, -4.0974044241011143e-03, 1. ]
