%YAML:1.0
---
K : !!opencv-matrix
   rows: 3
   cols: 3
   dt: d
   data: [ 5.0806431513590229e+02, 0., 9.5849311594377400e+02, 0.,
       5.0814870986935978e+02, 5.1722058122189299e+02, 0., 0., 1. ]
D : !!opencv-matrix
   rows: 4
   cols: 1
   dt: d
   data: [ 1.4141614961511670e-01, -3.4206780144552619e-02,
       -2.0135410373270553e-03, 9.6998204883574045e-04 ]
image_size : [ 1920, 1080 ]
