%YAML:1.0
---
H : !!opencv-matrix
   rows: 3
   cols: 3
   dt: d
   data: [ -2.5716125965118408e-01, -1.6667637825012207e+00,
       8.8755926513671875e+02, -2.8976550325751305e-02,
       -9.8521143198013306e-01, 4.7616735839843750e+02,
       -5.7721521443454549e-05, -2.6035825721919537e-03, 1. ]
