%YAML:1.0
---
K : !!opencv-matrix
   rows: 3
   cols: 3
   dt: d
   data: [ 2.9125598124871266e+02, 0., 1.1582140387570371e+03, 0.,
       2.9102172180903119e+02, 6.4443448237981681e+02, 0., 0., 1. ]
D : !!opencv-matrix
   rows: 4
   cols: 1
   dt: d
   data: [ 1.3727080105354209e-01, -3.1318637707100916e-02,
       -3.7850901638425524e-03, 1.3027539382574548e-03 ]
image_size : [ 2304, 1296 ]
