%YAML:1.0
---
K : !!opencv-matrix
   rows: 3
   cols: 3
   dt: d
   data: [ 2.8998373961655602e+02, 0., 1.1574843092987935e+03, 0.,
       2.8974572918411053e+02, 6.4446067032063274e+02, 0., 0., 1. ]
D : !!opencv-matrix
   rows: 4
   cols: 1
   dt: d
   data: [ 1.3570351214804346e-01, -2.9721369826148016e-02,
       -4.9854812919381073e-03, 1.5777312782949251e-03 ]
image_size : [ 2304, 1296 ]
