%YAML:1.0
---
H : !!opencv-matrix
   rows: 3
   cols: 3
   dt: d
   data: [ -4.0175698697566986e-02, -1.1555515527725220e+00,
       5.9768945312500000e+02, 9.9311731755733490e-02,
       -7.2764956951141357e-01, 2.0455146789550781e+02,
       -7.4500392656773329e-05, -2.0823776721954346e-03, 1. ]
