%YAML:1.0
---
K : !!opencv-matrix
   rows: 3
   cols: 3
   dt: d
   data: [ 2.9101202879178504e+02, 0., 1.1440922075828926e+03, 0.,
       2.9077413077697241e+02, 6.2669710811967923e+02, 0., 0., 1. ]
D : !!opencv-matrix
   rows: 4
   cols: 1
   dt: d
   data: [ 1.3704704248460858e-01, -3.0027995850518286e-02,
       -5.6505043834991203e-03, 1.9505179831351711e-03 ]
image_size : [ 2304, 1296 ]
