%YAML:1.0
---
K : !!opencv-matrix
   rows: 3
   cols: 3
   dt: d
   data: [ 2.9568534894503716e+02, 0., 1.1500080287394690e+03, 0.,
       2.9573446533732863e+02, 6.1039493439851981e+02, 0., 0., 1. ]
D : !!opencv-matrix
   rows: 4
   cols: 1
   dt: d
   data: [ 1.4141614961511670e-01, -3.4206780144552619e-02,
       -2.0135410373270553e-03, 9.6998204883574045e-04 ]
image_size : [ 2304, 1296 ]
