%YAML:1.0
---
H : !!opencv-matrix
   rows: 3
   cols: 3
   dt: d
   data: [ -3.6830013990402222e-01, -1.7035102844238281e+00,
       9.2058862304687500e+02, 2.8548598289489746e-02,
       -1.1485173702239990e+00, 3.9821896362304688e+02,
       -1.7930706962943077e-04, -2.9677134007215500e-03, 1. ]
