%YAML:1.0
---
car_rect: [ 600, 450, 520, 250 ]
