%YAML:1.0
---
K : !!opencv-matrix
   rows: 3
   cols: 3
   dt: d
   data: [ 4.2368303838900431e+02, 0., 1.1528262465994717e+03, 0.,
       4.2263674345763383e+02, 6.2981741420487299e+02, 0., 0., 1. ]
D : !!opencv-matrix
   rows: 4
   cols: 1
   dt: d
   data: [ 1.3731950209719593e-01, -3.6662276299091197e-02,
       2.7175531665308346e-04, 7.0097281545751131e-04 ]
image_size : [ 2304, 1296 ]
