%YAML:1.0
---
H : !!opencv-matrix
   rows: 3
   cols: 3
   dt: d
   data: [ 2.8703388571739197e-01, -6.2765531539916992e+00,
       7.5492120361328125e+02, -7.1053546667098999e-01,
       -3.3632559776306152e+00, 1.2135828857421875e+03,
       2.7989764930680394e-04, -6.1477506533265114e-03, 1. ]
