%YAML:1.0
---
H : !!opencv-matrix
   rows: 3
   cols: 3
   dt: d
   data: [ 4.4901028275489807e-01, -4.3890705108642578e+00,
       4.9685961914062500e+02, -4.1392269730567932e-01,
       -2.1466796398162842e+00, 8.0147052001953125e+02,
       4.8997224075719714e-04, -5.8380155824124813e-03, 1. ]
