%YAML:1.0
---
K : !!opencv-matrix
   rows: 3
   cols: 3
   dt: d
   data: [ 4.2160062911054303e+02, 0., 1.1342039659914658e+03, 0.,
       4.2037664897565435e+02, 6.5891898377196992e+02, 0., 0., 1. ]
D : !!opencv-matrix
   rows: 4
   cols: 1
   dt: d
   data: [ 1.3043595875119490e-01, -1.9133328937203573e-02,
       -1.2853691343512568e-02, 3.7399422948710690e-03 ]
image_size : [ 2304, 1296 ]
