%YAML:1.0
---
H : !!opencv-matrix
   rows: 3
   cols: 3
   dt: d
   data: [ -5.0648087263107300e-01, -2.4737076759338379e+00,
       9.7209326171875000e+02, -1.6570699214935303e-01,
       -1.4583488702774048e+00, 6.3497393798828125e+02,
       -1.1951398482779041e-04, -3.5809327382594347e-03, 1. ]
