%YAML:1.0
---
K : !!opencv-matrix
   rows: 3
   cols: 3
   dt: d
   data: [ 4.1775480036536413e+02, 0., 1.1378210164012369e+03, 0.,
       4.1695930434236635e+02, 6.5811299755151617e+02, 0., 0., 1. ]
D : !!opencv-matrix
   rows: 4
   cols: 1
   dt: d
   data: [ 1.2538871540475335e-01, -2.0778361687826284e-02,
       -8.8283272624850081e-03, 2.4964908736573323e-03 ]
image_size : [ 2304, 1296 ]
