%YAML:1.0
---
H : !!opencv-matrix
   rows: 3
   cols: 3
   dt: d
   data: [ 2.1072752773761749e-01, -4.5445523262023926e+00,
       9.8613977050781250e+02, 9.7107475996017456e-01,
       -2.5700473785400391e+00, -2.5650918579101562e+02,
       4.0350711788050830e-04, -7.0528080686926842e-03, 1. ]
