%YAML:1.0
---
K : !!opencv-matrix
   rows: 3
   cols: 3
   dt: d
   data: [ 4.1997572830159282e+02, 0., 1.1527314633375283e+03, 0.,
       4.1897877931304470e+02, 6.1132161563778516e+02, 0., 0., 1. ]
D : !!opencv-matrix
   rows: 4
   cols: 1
   dt: d
   data: [ 1.3342452396118679e-01, -3.2913935793491438e-02,
       9.3843592425060882e-04, -4.3704353606852602e-04 ]
image_size : [ 2304, 1296 ]
