%YAML:1.0
---
K : !!opencv-matrix
   rows: 3
   cols: 3
   dt: d
   data: [ 4.2704125596071657e+02, 0., 1.1401508410579822e+03, 0.,
       4.2679569819262372e+02, 6.4659598876965504e+02, 0., 0., 1. ]
D : !!opencv-matrix
   rows: 4
   cols: 1
   dt: d
   data: [ 1.4461760045983982e-01, -4.1642640040128263e-02,
       1.5040331641625330e-04, 9.6549675612637423e-04 ]
image_size : [ 2304, 1296 ]
