%YAML:1.0
---
H : !!opencv-matrix
   rows: 3
   cols: 3
   dt: d
   data: [ 4.4436898827552795e-01, -2.6994261741638184e+00,
       2.8454287719726562e+02, -2.1255156397819519e-01,
       -1.3172113895416260e+00, 3.6851223754882812e+02,
       3.2215579267358407e-05, -3.9566857740283012e-03, 1. ]
