%YAML:1.0
---
H : !!opencv-matrix
   rows: 3
   cols: 3
   dt: d
   data: [ -8.6438745260238647e-01, -3.9972784519195557e+00,
       1.4401287841796875e+03, 6.6938109695911407e-02,
       -2.6906607151031494e+00, 6.2144335937500000e+02,
       -2.6947518927045166e-04, -4.4536693021655083e-03, 1. ]
