%YAML:1.0
---
K : !!opencv-matrix
   rows: 3
   cols: 3
   dt: d
   data: [ 5.0914882733376078e+02, 0., 9.5271236610899018e+02, 0.,
       5.0817929720052530e+02, 5.4416893203265306e+02, 0., 0., 1. ]
D : !!opencv-matrix
   rows: 4
   cols: 1
   dt: d
   data: [ 1.2538871540475335e-01, -2.0778361687826284e-02,
       -8.8283272624850081e-03, 2.4964908736573323e-03 ]
image_size : [ 1920, 1080 ]
