%YAML:1.0
---
H : !!opencv-matrix
   rows: 3
   cols: 3
   dt: d
   data: [ -8.1662110984325409e-02, -2.4891910552978516e+00,
       1.4704898681640625e+03, 3.9293262362480164e-01,
       -1.5417535305023193e+00, 2.7426535034179688e+02,
       -6.6305794462095946e-05, -1.9152628956362605e-03, 1. ]
