%YAML:1.0
---
K : !!opencv-matrix
   rows: 3
   cols: 3
   dt: d
   data: [ 5.1227143893848074e+02, 0., 9.5389399518655546e+02, 0.,
       5.1197687200976458e+02, 5.3941625457421571e+02, 0., 0., 1. ]
D : !!opencv-matrix
   rows: 4
   cols: 1
   dt: d
   data: [ 1.4461760045983982e-01, -4.1642640040128263e-02,
       1.5040331641625330e-04, 9.6549675612637423e-04 ]
image_size : [ 1920, 1080 ]
