%YAML:1.0
---
K : !!opencv-matrix
   rows: 3
   cols: 3
   dt: d
   data: [ 5.1115056158953030e+02, 0., 9.6042921103232550e+02, 0.,
       5.0988826361368541e+02, 5.3240732982053203e+02, 0., 0., 1. ]
D : !!opencv-matrix
   rows: 4
   cols: 1
   dt: d
   data: [ 1.3731950209719593e-01, -3.6662276299091197e-02,
       2.7175531665308346e-04, 7.0097281545751131e-04 ]
image_size : [ 1920, 1080 ]
