%YAML:1.0
---
H : !!opencv-matrix
   rows: 3
   cols: 3
   dt: d
   data: [ -3.0299705266952515e-01, -2.6875908374786377e+00,
       1.0634899902343750e+03, 2.4254629015922546e-01,
       -1.4964222908020020e+00, 3.7575161743164062e+02,
       1.5857887046877295e-04, -3.8867548573762178e-03, 1. ]
