%YAML:1.0
---
K : !!opencv-matrix
   rows: 3
   cols: 3
   dt: d
   data: [ 5.0224902691452553e+02, 0., 9.6165813654526971e+02, 0.,
       5.0111817440394793e+02, 5.4472644908321740e+02, 0., 0., 1. ]
D : !!opencv-matrix
   rows: 4
   cols: 1
   dt: d
   data: [ 1.4188985383268074e-01, -3.7797725625263338e-02,
       -7.7825882500515695e-04, 1.0491158959701511e-03 ]
image_size : [ 1920, 1080 ]
