%YAML:1.0
---
K : !!opencv-matrix
   rows: 3
   cols: 3
   dt: d
   data: [ 4.1187175452854336e+02, 0., 1.1551412108668358e+03, 0.,
       4.1094439343337916e+02, 6.5928550091604905e+02, 0., 0., 1. ]
D : !!opencv-matrix
   rows: 4
   cols: 1
   dt: d
   data: [ 1.4188985383268074e-01, -3.7797725625263338e-02,
       -7.7825882500515695e-04, 1.0491158959701511e-03 ]
image_size : [ 2304, 1296 ]
