%YAML:1.0
---
K : !!opencv-matrix
   rows: 3
   cols: 3
   dt: d
   data: [ 5.1018083836114010e+02, 0., 9.5074326122342654e+02, 0.,
       5.0869969443430983e+02, 5.4456602777686146e+02, 0., 0., 1. ]
D : !!opencv-matrix
   rows: 4
   cols: 1
   dt: d
   data: [ 1.3043595875119490e-01, -1.9133328937203573e-02,
       -1.2853691343512568e-02, 3.7399422948710690e-03 ]
image_size : [ 1920, 1080 ]
