%YAML:1.0
---
K : !!opencv-matrix
   rows: 3
   cols: 3
   dt: d
   data: [ 5.0845815485540783e+02, 0., 9.6037357016896601e+02, 0.,
       5.0725116404845784e+02, 5.2494870292332257e+02, 0., 0., 1. ]
D : !!opencv-matrix
   rows: 4
   cols: 1
   dt: d
   data: [ 1.3342452396118679e-01, -3.2913935793491438e-02,
       9.3843592425060882e-04, -4.3704353606852602e-04 ]
image_size : [ 1920, 1080 ]
