%YAML:1.0
---
H : !!opencv-matrix
   rows: 3
   cols: 3
   dt: d
   data: [ 1.4838198423385620e+00, -5.8833236694335938e+00,
       3.0423038482666016e+01, 6.6462248563766479e-01,
       -2.6317248344421387e+00, -4.6385089111328125e+02,
       6.0283887432888150e-04, -8.4875291213393211e-03, 1. ]
