%YAML:1.0
---
car_rect: [ 280, 170, 633, 387 ]
