%YAML:1.0
---
car_rect: [ 350, 160, 633, 387 ]
