%YAML:1.0
---
K : !!opencv-matrix
   rows: 3
   cols: 3
   dt: d
   data: [ 1.4950804394601749e+02, 0., 9.6215961577081816e+02, 0.,
       1.4956591318927332e+02, 5.3802093984140117e+02, 0., 0., 1. ]
D : !!opencv-matrix
   rows: 4
   cols: 1
   dt: d
   data: [ 1.3307703855342093e-01, -3.2775747574739354e-02,
       -1.9403397906572984e-03, 9.0219485544939723e-04 ]
image_size : [ 1920, 1080 ]
