%YAML:1.0
---
car_rect: [ 350, 240, 543, 267 ]
