%YAML:1.0
---
car_rect: [ 400, 230, 490, 290 ]
