%YAML:1.0
---
ground_matrix: !!opencv-matrix
   rows: 4
   cols: 4
   dt: f
   data: [ 9.60751772e-02, -9.95243907e-01, -1.60889626e-02,
       -1.78030396e+00, -7.48064399e-01, -6.15321994e-02,
       -6.60767198e-01, 2.01530290e+00, 6.56634569e-01, 7.55189955e-02,
       -7.50418484e-01, 2.86874509e+00, 0., 0., 0., 1. ]
