%YAML:1.0
---
H : !!opencv-matrix
   rows: 3
   cols: 3
   dt: d
   data: [ -7.9679846763610840e-01, -5.2489614486694336e+00,
       2.7812648925781250e+03, -8.5348144173622131e-02,
       -3.1010725498199463e+00, 1.4926331787109375e+03,
       -5.1067476306343451e-05, -2.6234504766762257e-03, 1. ]
