%YAML:1.0
---
H : !!opencv-matrix
   rows: 3
   cols: 3
   dt: d
   data: [ -1.2624420225620270e-01, -3.6165823936462402e+00,
       1.8698381347656250e+03, 3.1153094768524170e-01,
       -2.2747988700866699e+00, 6.3688800048828125e+02,
       -7.4844931077677757e-05, -2.0842801313847303e-03, 1. ]
