%YAML:1.0
---
H : !!opencv-matrix
   rows: 3
   cols: 3
   dt: d
   data: [ -1.1121536493301392e+00, -5.4744238853454590e+00,
       2.8924094238281250e+03, 1.1643198877573013e-01,
       -3.6700143814086914e+00, 1.2472528076171875e+03,
       -1.5175413864199072e-04, -3.0503151938319206e-03, 1. ]
