%YAML:1.0
---
K : !!opencv-matrix
   rows: 3
   cols: 3
   dt: d
   data: [ 2.1991699087302945e+02, 0., 7.8729946502753558e+02, 0.,
       2.1998306026274065e+02, 4.0044128866882130e+02, 0., 0., 1. ]
D : !!opencv-matrix
   rows: 4
   cols: 1
   dt: d
   data: [ 7.3689750212816582e-02, 4.7706431369502290e-02,
       -3.0068053144151490e-02, 4.2079835978516564e-03 ]
image_size : [ 1536, 864 ]
