%YAML:1.0
---
H : !!opencv-matrix
   rows: 3
   cols: 3
   dt: d
   data: [ 1.9642574787139893e+00, -6.0453295707702637e+00,
       -1.0350256347656250e+02, 2.8978127241134644e-01,
       -2.4807162284851074e+00, -8.8868743896484375e+01,
       4.2866540024988353e-04, -5.7851714082062244e-03, 1. ]
