%YAML:1.0
---
K : !!opencv-matrix
   rows: 3
   cols: 3
   dt: d
   data: [ 2.2358115598146139e+02, 0., 7.8286788691572735e+02, 0.,
       2.2365490350854213e+02, 4.4215549217755819e+02, 0., 0., 1. ]
D : !!opencv-matrix
   rows: 4
   cols: 1
   dt: d
   data: [ 7.5919425243557118e-02, 4.7039284045896308e-02,
       -3.0920794312015699e-02, 4.7254597719878066e-03 ]
image_size : [ 1536, 864 ]
