%YAML:1.0
---
H : !!opencv-matrix
   rows: 3
   cols: 3
   dt: d
   data: [ 5.9986734390258789e-01, -3.4971477985382080e+00,
       5.1681140136718750e+02, 2.4253068864345551e-01,
       -1.6885972023010254e+00, 6.5571525573730469e+01,
       -1.4234114496503025e-04, -3.4087568055838346e-03, 1. ]
