%YAML:1.0
---
K : !!opencv-matrix
   rows: 3
   cols: 3
   dt: d
   data: [ 2.1559429747470969e+02, 0., 7.9199654679465448e+02, 0.,
       2.1572507855046419e+02, 3.8041225092578958e+02, 0., 0., 1. ]
D : !!opencv-matrix
   rows: 4
   cols: 1
   dt: d
   data: [ 7.5169033913324523e-02, 3.6479836542841440e-02,
       -2.2402615583596422e-02, 2.6882567552777418e-03 ]
image_size : [ 1536, 864 ]
