%YAML:1.0
---
H : !!opencv-matrix
   rows: 3
   cols: 3
   dt: d
   data: [ -7.5472903251647949e-01, -4.9084033966064453e+00,
       2.0042799072265625e+03, 6.8985944986343384e-01,
       -2.8956098556518555e+00, 4.6791964721679688e+02,
       2.6166203315369785e-04, -4.6871663071215153e-03, 1. ]
