%YAML:1.0
---
K : !!opencv-matrix
   rows: 3
   cols: 3
   dt: d
   data: [ 3.2102409086343818e+02, 0., 6.3439847714118764e+02, 0.,
       3.2055387099664955e+02, 3.5015207170487935e+02, 0., 0., 1. ]
D : !!opencv-matrix
   rows: 4
   cols: 1
   dt: d
   data: [ 7.4717832216063360e-02, 4.2965656769486153e-02,
       -2.8985683922916200e-02, 4.4091804165195224e-03 ]
image_size : [ 1280, 720 ]
