%YAML:1.0
---
H : !!opencv-matrix
   rows: 3
   cols: 3
   dt: d
   data: [ -1.2729219198226929e+00, -4.6416921615600586e+00,
       1.8750023193359375e+03, -1.6305482387542725e-01,
       -2.9601755142211914e+00, 1.0426623535156250e+03,
       -1.2533784320112318e-04, -4.4785379432141781e-03, 1. ]
