%YAML:1.0
---
H : !!opencv-matrix
   rows: 3
   cols: 3
   dt: d
   data: [ 4.0071028470993042e-01, -5.6434607505798340e+00,
       7.9490893554687500e+02, -7.2222173213958740e-01,
       -2.9233443737030029e+00, 1.2499422607421875e+03,
       3.3295535831712186e-04, -5.2248355932533741e-03, 1. ]
