%YAML:1.0
---
K : !!opencv-matrix
   rows: 3
   cols: 3
   dt: d
   data: [ 3.1506450443695479e+02, 0., 6.3675436034797713e+02, 0.,
       3.1510351083031833e+02, 3.5238161042779723e+02, 0., 0., 1. ]
D : !!opencv-matrix
   rows: 4
   cols: 1
   dt: d
   data: [ 7.3975048327487955e-02, 4.8055732287165219e-02,
       -3.1899971855110468e-02, 5.1017167894624417e-03 ]
image_size : [ 1280, 720 ]
