%YAML:1.0
---
K : !!opencv-matrix
   rows: 3
   cols: 3
   dt: d
   data: [ 5.0869567905148881e+02, 0., 9.5406237902859027e+02, 0.,
       5.0827982788309373e+02, 5.2716422820876255e+02, 0., 0., 1. ]
D : !!opencv-matrix
   rows: 4
   cols: 1
   dt: d
   data: [ 1.3704704248460858e-01, -3.0027995850518286e-02,
       -5.6505043834991203e-03, 1.9505179831351711e-03 ]
image_size : [ 1920, 1080 ]
