%YAML:1.0
---
K : !!opencv-matrix
   rows: 3
   cols: 3
   dt: d
   data: [ 5.0865168528018563e+02, 0., 9.5703787897030861e+02, 0.,
       5.0895470064778431e+02, 5.1914346556991313e+02, 0., 0., 1. ]
D : !!opencv-matrix
   rows: 4
   cols: 1
   dt: d
   data: [ 1.3834421495373656e-01, -3.5271011841168633e-02,
       -9.3424360104022515e-04, 5.9737789221758731e-04 ]
image_size : [ 1920, 1080 ]
