%YAML:1.0
---
K : !!opencv-matrix
   rows: 3
   cols: 3
   dt: d
   data: [ 5.0948844844787646e+02, 0., 9.5181090102666178e+02, 0.,
       5.0936388573916622e+02, 5.4385431314495918e+02, 0., 0., 1. ]
D : !!opencv-matrix
   rows: 4
   cols: 1
   dt: d
   data: [ 1.3491992278235101e-01, -2.9309452201987472e-02,
       -4.6647247995688750e-03, 1.5574226886185764e-03 ]
image_size : [ 1920, 1080 ]
