%YAML:1.0
---
H : !!opencv-matrix
   rows: 3
   cols: 3
   dt: d
   data: [ -1.8947207927703857e-01, -5.4239096641540527e+00,
       1.8696851806640625e+03, 4.6704712510108948e-01,
       -3.4116477966308594e+00, 6.3698358154296875e+02,
       -1.1235239071538672e-04, -3.1259711831808090e-03, 1. ]
