%YAML:1.0
---
H : !!opencv-matrix
   rows: 3
   cols: 3
   dt: d
   data: [ 4.5249566435813904e-01, -5.4670710563659668e+00,
       1.3161090087890625e+03, 3.8634996861219406e-02,
       -3.3329343795776367e+00, 8.0491351318359375e+02,
       -1.1324298975523561e-04, -3.0911602079868317e-03, 1. ]
