%YAML:1.0
---
H : !!opencv-matrix
   rows: 3
   cols: 3
   dt: d
   data: [ -1.6690610647201538e+00, -8.2092456817626953e+00,
       2.8923212890625000e+03, 1.7416226863861084e-01,
       -5.5037264823913574e+00, 1.2472207031250000e+03,
       -2.2816193813923746e-04, -4.5741153880953789e-03, 1. ]
