%YAML:1.0
---
K : !!opencv-matrix
   rows: 3
   cols: 3
   dt: d
   data: [ 1.5528835050960328e+02, 0., 9.5145392628060631e+02, 0.,
       1.5527576294814008e+02, 5.4421806141251795e+02, 0., 0., 1. ]
D : !!opencv-matrix
   rows: 4
   cols: 1
   dt: d
   data: [ 1.4008007711124018e-01, -3.5665607541700076e-02,
       -6.7073507841310283e-04, 5.5450620222884887e-04 ]
image_size : [ 1920, 1080 ]
