%YAML:1.0
---
K : !!opencv-matrix
   rows: 3
   cols: 3
   dt: d
   data: [ 5.0877942750128534e+02, 0., 9.5356324795787350e+02, 0.,
       5.0852876449791296e+02, 5.2789323644622846e+02, 0., 0., 1. ]
D : !!opencv-matrix
   rows: 4
   cols: 1
   dt: d
   data: [ 1.3569939542701290e-01, -3.0021978287991830e-02,
       -4.5591194691774499e-03, 1.4752069985394720e-03 ]
image_size : [ 1920, 1080 ]
