%YAML:1.0
---
H : !!opencv-matrix
   rows: 3
   cols: 3
   dt: d
   data: [ 7.6688289642333984e-01, -6.9723558425903320e+00,
       1.4411739501953125e+03, 4.0396105498075485e-02,
       -3.7115328311920166e+00, 8.6749975585937500e+02,
       4.8458105084137060e-06, -3.4652007743716240e-03, 1. ]
