%YAML:1.0
---
K : !!opencv-matrix
   rows: 3
   cols: 3
   dt: d
   data: [ 5.0793661019218871e+02, 0., 9.4790682983641477e+02, 0.,
       5.0789543721765961e+02, 5.4478480938384303e+02, 0., 0., 1. ]
D : !!opencv-matrix
   rows: 4
   cols: 1
   dt: d
   data: [ 1.4008007711124018e-01, -3.5665607541700076e-02,
       -6.7073507841310283e-04, 5.5450620222884887e-04 ]
image_size : [ 1920, 1080 ]
