%YAML:1.0
---
H : !!opencv-matrix
   rows: 3
   cols: 3
   dt: d
   data: [ 5.7246387004852295e-01, -1.2546963691711426e+01,
       1.5103697509765625e+03, -1.4210987091064453e+00,
       -6.7229471206665039e+00, 2.4264221191406250e+03,
       2.7916507679037750e-04, -6.1446260660886765e-03, 1. ]
