%YAML:1.0
---
K : !!opencv-matrix
   rows: 3
   cols: 3
   dt: d
   data: [ 1.5610210984907962e+02, 0., 9.6122323283493597e+02, 0.,
       1.5606934782039443e+02, 5.5280575007521327e+02, 0., 0., 1. ]
D : !!opencv-matrix
   rows: 4
   cols: 1
   dt: d
   data: [ 1.3852121013352087e-01, -3.3187675227584104e-02,
       -2.1108617139928014e-03, 8.2429558369772140e-04 ]
image_size : [ 1920, 1080 ]
