%YAML:1.0
---
H : !!opencv-matrix
   rows: 3
   cols: 3
   dt: d
   data: [ -1.1951402425765991e+00, -7.8735690116882324e+00,
       2.7812722167968750e+03, -1.2799610197544098e-01,
       -4.6516709327697754e+00, 1.4926386718750000e+03,
       -7.6567383075598627e-05, -3.9352397434413433e-03, 1. ]
