%YAML:1.0
---
H : !!opencv-matrix
   rows: 3
   cols: 3
   dt: d
   data: [ 3.0203843116760254e-01, -3.6456534862518311e+00,
       1.3159427490234375e+03, 2.5965610519051552e-02,
       -2.2223699092864990e+00, 8.0464251708984375e+02,
       -7.5387513788882643e-05, -2.0612850785255432e-03, 1. ]
