%YAML:1.0
---
K : !!opencv-matrix
   rows: 3
   cols: 3
   dt: d
   data: [ 1.5290895882034897e+02, 0., 9.5791292039633038e+02, 0.,
       1.5300005016184440e+02, 5.2168819080056880e+02, 0., 0., 1. ]
D : !!opencv-matrix
   rows: 4
   cols: 1
   dt: d
   data: [ 1.3834421495373656e-01, -3.5271011841168633e-02,
       -9.3424360104022515e-04, 5.9737789221758731e-04 ]
image_size : [ 1920, 1080 ]
