%YAML:1.0
---
K : !!opencv-matrix
   rows: 3
   cols: 3
   dt: d
   data: [ 5.0968974813842055e+02, 0., 9.6467698225322874e+02, 0.,
       5.0927980072962100e+02, 5.3784198220852738e+02, 0., 0., 1. ]
D : !!opencv-matrix
   rows: 4
   cols: 1
   dt: d
   data: [ 1.3727080105354209e-01, -3.1318637707100916e-02,
       -3.7850901638425524e-03, 1.3027539382574548e-03 ]
image_size : [ 1920, 1080 ]
