%YAML:1.0
---
K : !!opencv-matrix
   rows: 3
   cols: 3
   dt: d
   data: [ 1.5447178448497803e+02, 0., 9.5189309113384309e+02, 0.,
       1.5452015441291769e+02, 5.3190045052710366e+02, 0., 0., 1. ]
D : !!opencv-matrix
   rows: 4
   cols: 1
   dt: d
   data: [ 1.3945957380183405e-01, -3.5727838933686556e-02,
       -6.1281431150432119e-04, 5.3697376525470059e-04 ]
image_size : [ 1920, 1080 ]
