%YAML:1.0
---
K : !!opencv-matrix
   rows: 3
   cols: 3
   dt: d
   data: [ 5.0907348793572851e+02, 0., 9.4849645750806587e+02, 0.,
       5.0923289470382883e+02, 5.3077047288384028e+02, 0., 0., 1. ]
D : !!opencv-matrix
   rows: 4
   cols: 1
   dt: d
   data: [ 1.3945957380183405e-01, -3.5727838933686556e-02,
       -6.1281431150432119e-04, 5.3697376525470059e-04 ]
image_size : [ 1920, 1080 ]
