%YAML:1.0
---
K : !!opencv-matrix
   rows: 3
   cols: 3
   dt: d
   data: [ 5.1019267761070046e+02, 0., 9.6172777065044909e+02, 0.,
       5.1008560060094692e+02, 5.5455148693294791e+02, 0., 0., 1. ]
D : !!opencv-matrix
   rows: 4
   cols: 1
   dt: d
   data: [ 1.3852121013352087e-01, -3.3187675227584104e-02,
       -2.1108617139928014e-03, 8.2429558369772140e-04 ]
image_size : [ 1920, 1080 ]
