%YAML:1.0
---
H : !!opencv-matrix
   rows: 3
   cols: 3
   dt: d
   data: [ 5.0725477933883667e-01, -4.6409015655517578e+00,
       1.4425863037109375e+03, 2.5058569386601448e-02,
       -2.4706220626831055e+00, 8.6839837646484375e+02,
       1.8439417317495099e-06, -2.3064375855028629e-03, 1. ]
