%YAML:1.0
---
K : !!opencv-matrix
   rows: 3
   cols: 3
   dt: d
   data: [ 1.5328691941798795e+02, 0., 9.5546062895375064e+02, 0.,
       1.5321139875515823e+02, 5.2936642775597556e+02, 0., 0., 1. ]
D : !!opencv-matrix
   rows: 4
   cols: 1
   dt: d
   data: [ 1.3569939542701290e-01, -3.0021978287991830e-02,
       -4.5591194691774499e-03, 1.4752069985394720e-03 ]
image_size : [ 1920, 1080 ]
