%YAML:1.0
---
H : !!opencv-matrix
   rows: 3
   cols: 3
   dt: d
   data: [ 3.8269382715225220e-01, -8.3686685562133789e+00,
       1.5098493652343750e+03, -9.4737875461578369e-01,
       -4.4843053817749023e+00, 2.4271542968750000e+03,
       1.8659050692804158e-04, -4.0984665974974632e-03, 1. ]
