%YAML:1.0
---
K : !!opencv-matrix
   rows: 3
   cols: 3
   dt: d
   data: [ 3.1911584967486635e+02, 0., 6.4976546938918352e+02, 0.,
       3.1922110901419882e+02, 3.6505120427927119e+02, 0., 0., 1. ]
D : !!opencv-matrix
   rows: 4
   cols: 1
   dt: d
   data: [ 7.5919425243557118e-02, 4.7039284045896308e-02,
       -3.0920794312015699e-02, 4.7254597719878066e-03 ]
image_size : [ 1280, 720 ]
