%YAML:1.0
---
H : !!opencv-matrix
   rows: 3
   cols: 3
   dt: d
   data: [ 3.9461371302604675e-01, -3.6351857185363770e+00,
       7.2912677001953125e+02, 3.4466430544853210e-01,
       -1.9801678657531738e+00, 1.2329237365722656e+02,
       -5.6544464314356446e-05, -3.6950793582946062e-03, 1. ]
