%YAML:1.0
---
H : !!opencv-matrix
   rows: 3
   cols: 3
   dt: d
   data: [ 4.2404377460479736e-01, -3.8293371200561523e+00,
       4.7954611206054688e+02, -4.7430953383445740e-01,
       -2.2081198692321777e+00, 7.7818505859375000e+02,
       -1.5916915799607523e-05, -4.0982672944664955e-03, 1. ]
