%YAML:1.0
---
K : !!opencv-matrix
   rows: 3
   cols: 3
   dt: d
   data: [ 3.1759816104695432e+02, 0., 6.5268351320184195e+02, 0.,
       3.1769357666986946e+02, 3.4437581328417758e+02, 0., 0., 1. ]
D : !!opencv-matrix
   rows: 4
   cols: 1
   dt: d
   data: [ 7.3689750212816582e-02, 4.7706431369502290e-02,
       -3.0068053144151490e-02, 4.2079835978516564e-03 ]
image_size : [ 1280, 720 ]
