%YAML:1.0
---
K : !!opencv-matrix
   rows: 3
   cols: 3
   dt: d
   data: [ 3.1769481917733771e+02, 0., 6.3416589331970715e+02, 0.,
       3.1815341143759031e+02, 3.3126185197638978e+02, 0., 0., 1. ]
D : !!opencv-matrix
   rows: 4
   cols: 1
   dt: d
   data: [ 7.2670762284378354e-02, 5.1337514668381705e-02,
       -3.2844327394070762e-02, 5.2560721251539927e-03 ]
image_size : [ 1280, 720 ]
