%YAML:1.0
---
K : !!opencv-matrix
   rows: 3
   cols: 3
   dt: d
   data: [ 2.2258992161711510e+02, 0., 7.5932183944166093e+02, 0.,
       2.2226388314751060e+02, 4.1193476038082662e+02, 0., 0., 1. ]
D : !!opencv-matrix
   rows: 4
   cols: 1
   dt: d
   data: [ 7.4717832216063360e-02, 4.2965656769486153e-02,
       -2.8985683922916200e-02, 4.4091804165195224e-03 ]
image_size : [ 1536, 864 ]
