%YAML:1.0
---
K : !!opencv-matrix
   rows: 3
   cols: 3
   dt: d
   data: [ 2.2001293510333886e+02, 0., 7.5926177698304491e+02, 0.,
       2.2033052362887767e+02, 3.7470743598389879e+02, 0., 0., 1. ]
D : !!opencv-matrix
   rows: 4
   cols: 1
   dt: d
   data: [ 7.2670762284378354e-02, 5.1337514668381705e-02,
       -3.2844327394070762e-02, 5.2560721251539927e-03 ]
image_size : [ 1536, 864 ]
