%YAML:1.0
---
K : !!opencv-matrix
   rows: 3
   cols: 3
   dt: d
   data: [ 2.1758896467745245e+02, 0., 7.6307221395707302e+02, 0.,
       2.1761590316347119e+02, 4.1651394987505881e+02, 0., 0., 1. ]
D : !!opencv-matrix
   rows: 4
   cols: 1
   dt: d
   data: [ 7.3975048327487955e-02, 4.8055732287165219e-02,
       -3.1899971855110468e-02, 5.1017167894624417e-03 ]
image_size : [ 1536, 864 ]
