%YAML:1.0
---
H : !!opencv-matrix
   rows: 3
   cols: 3
   dt: d
   data: [ 2.1284727379679680e-02, -3.6410136222839355e+00,
       1.3058660888671875e+03, 8.1641703844070435e-01,
       -1.8262196779251099e+00, -8.6037559509277344e+01,
       1.2978355698578525e-05, -3.3160927705466747e-03, 1. ]
